3 0.6069294990723562 0.7799851851851852 0.2685157699443414 0.2186000000000001
3 0.865890538033395 0.8648592592592592 0.18104823747680887 0.12802962962962974
3 0.14380333951762525 0.9488074074074074 0.10947124304267161 0.1023777777777778
2 0.33949907235621524 0.8815259259259259 0.0937662337662338 0.07617037037037032
2 0.8835064935064935 0.9273851851851852 0.07014842300556597 0.10717037037037025
2 0.37863636363636366 0.5414148148148148 0.09115027829313543 0.08520740740740738
2 0.3264471243042672 0.23457777777777783 0.08855287569573288 0.08209629629629632
2 0.18555658627087196 0.21271111111111118 0.13033395176252316 0.15082962962962965
2 0.4458163265306122 0.0549851851851852 0.08983302411873843 0.1099703703703704
2 0.8652504638218924 0.6819925925925926 0.05972170686456411 0.047851851851851784
0 0.2540352504638219 0.9305777777777777 0.2281632653061225 0.1388444444444445
3 0.5630983302411874 0.6367777777777778 0.0514471243042672 0.06480000000000001