1 0.8070092592592591 0.9007777777777778 0.15238888888888882 0.1984444444444445
3 0.5197777777777778 0.9785333333333334 0.2868518518518518 0.04293333333333336
3 0.6750277777777778 0.5818148148148149 0.17497222222222225 0.08113333333333331
3 0.21030555555555555 0.47448148148148145 0.22121296296296294 0.2721407407407407
2 0.31590740740740736 0.4558888888888889 0.06072222222222226 0.05916296296296288
2 0.2578240740740741 0.7052074074074074 0.15575000000000003 0.13184444444444454
3 0.4479444444444444 0.9088888888888889 0.1685185185185185 0.09634814814814827
2 0.7336018518518518 0.43150370370370367 0.17044444444444437 0.13945185185185185
4 0.46935185185185185 0.3723851851851852 0.26338888888888895 0.19018518518518518
3 0.16018518518518518 0.03777777777777778 0.11666666666666667 0.07555555555555556
2 0.25416666666666665 0.03037037037037037 0.08611111111111111 0.06074074074074074
2 0.2245462962962963 0.1174222222222222 0.12775000000000003 0.07731111111111111