3 0.3930705009276438 0.2200148148148148 0.2685157699443414 0.21860000000000002
3 0.13410946196660486 0.13514074074074073 0.18104823747680887 0.12802962962962966
3 0.8561966604823747 0.051192592592592595 0.10947124304267161 0.10237777777777779
2 0.6605009276437848 0.11847407407407408 0.09376623376623369 0.07617037037037036
2 0.11649350649350654 0.07261481481481481 0.07014842300556587 0.10717037037037037
2 0.6213636363636363 0.4585851851851852 0.09115027829313543 0.08520740740740738
2 0.6735528756957327 0.7654222222222222 0.08855287569573288 0.08209629629629624
2 0.814443413729128 0.7872888888888888 0.1303339517625232 0.15082962962962954
2 0.5541836734693878 0.9450148148148148 0.08983302411873832 0.1099703703703704
2 0.1347495361781076 0.3180074074074074 0.059721706864564 0.04785185185185187
0 0.7459647495361781 0.06942222222222222 0.2281632653061225 0.13884444444444444
3 0.4369016697588126 0.3632222222222222 0.0514471243042672 0.06480000000000001