3 0.5882870370370371 0.7633185185185185 0.08809259259259268 0.09257777777777779
3 0.4068425925925926 0.7903629629629629 0.11962962962962967 0.1187629629629629
3 0.44934259259259257 0.9246444444444444 0.07823148148148149 0.03854814814814812
2 0.2548240740740741 0.7489185185185185 0.05310185185185187 0.0637851851851852
2 0.3338333333333333 0.7149037037037037 0.0956296296296296 0.06376296296296291
2 0.3741481481481482 0.6630074074074074 0.08474999999999998 0.04890370370370369
2 0.6874537037037037 0.6351333333333333 0.1426111111111111 0.11174074074074067
2 0.7604629629629629 0.6674222222222223 0.10340740740740746 0.05425185185185186
2 0.4755 0.4154148148148148 0.12183333333333332 0.08037037037037037
2 0.2749814814814815 0.9774148148148148 0.06509259259259255 0.04294074074074059
0 0.6400462962962963 0.834874074074074 0.1284351851851852 0.11535555555555557