4 0.7115185185185186 0.6327925925925926 0.2352037037037037 0.18580740740740734
3 0.31745370370370374 0.6996296296296296 0.26579629629629625 0.22038518518518518
2 0.436 0.7764148148148149 0.1522314814814815 0.12032592592592596
2 0.6764814814814815 0.8978740740740742 0.5524166666666666 0.20335555555555537
3 0.43850925925925927 0.3074888888888889 0.1705925925925926 0.08
3 0.576287037037037 0.43173333333333336 0.2785648148148149 0.12037037037037036
1 0.7799537037037038 0.35419259259259256 0.1317222222222222 0.32353333333333334
2 0.6066666666666667 0.2785185185185185 0.09583333333333334 0.08438518518518516
3 0.6310185185185185 0.027037037037037037 0.1361111111111111 0.05407407407407407
3 0.2411666666666667 0.026177777777777717 0.1515185185185185 0.05234814814814816
2 0.2579351851851852 0.13416296296296287 0.1547685185185185 0.1191259259259259