3 0.5636734693877551 0.8754962962962963 0.09564935064935055 0.11548888888888878
3 0.1531539888682746 0.6233777777777777 0.11885899814471243 0.0636888888888889
3 0.35109461966604827 0.3662666666666667 0.1480705009276438 0.07353333333333333
3 0.3272356215213358 0.10424444444444446 0.1430519480519481 0.10797037037037037
2 0.611456400742115 0.8897333333333333 0.4250185528756958 0.22053333333333353
2 0.8086085343228201 0.6768814814814814 0.16320037105751398 0.1338222222222223
2 0.667643784786642 0.5951037037037037 0.18342300556586272 0.1350074074074074
2 0.1855009276437848 0.1460666666666667 0.22666975881261597 0.19162222222222225
4 0.41038961038961036 0.36924444444444443 0.3621706864564008 0.3310074074074075
0 0.6383951762523191 0.30045185185185186 0.14004638218923937 0.1854888888888889
0 0.7003710575139147 0.01925925925925926 0.12987012987012986 0.03851851851851852