3 0.5636734693877551 0.12450370370370371 0.09564935064935055 0.1154888888888889
3 0.1531539888682746 0.3766222222222222 0.11885899814471243 0.06368888888888886
3 0.35109461966604827 0.6337333333333333 0.1480705009276438 0.07353333333333333
3 0.3272356215213358 0.8957555555555555 0.1430519480519481 0.10797037037037054
2 0.611456400742115 0.11026666666666668 0.4250185528756958 0.22053333333333336
2 0.8086085343228201 0.3231185185185185 0.16320037105751398 0.1338222222222222
2 0.667643784786642 0.4048962962962963 0.18342300556586272 0.1350074074074074
2 0.1855009276437848 0.8539333333333333 0.22666975881261597 0.19162222222222225
4 0.41038961038961036 0.6307555555555555 0.3621706864564008 0.33100740740740753
0 0.6383951762523191 0.6995481481481481 0.14004638218923937 0.18548888888888895
0 0.7007792207792208 0.9805481481481482 0.1292857142857142 0.03890370370370369