4 0.2884814814814815 0.3672074074074074 0.23520370370370372 0.18580740740740742
3 0.6825462962962963 0.30037037037037034 0.2657962962962963 0.22038518518518518
2 0.5640000000000001 0.22358518518518516 0.15223148148148147 0.12032592592592592
2 0.3235185185185185 0.10212592592592593 0.5524166666666667 0.20335555555555554
3 0.5614907407407407 0.6925111111111111 0.1705925925925926 0.08
3 0.42371296296296296 0.5682666666666667 0.2785648148148148 0.12037037037037036
1 0.2200462962962963 0.6458074074074074 0.1317222222222222 0.32353333333333334
2 0.39333333333333337 0.7214814814814815 0.09583333333333334 0.08438518518518519
3 0.36844444444444446 0.9728740740740741 0.1360462962962963 0.05425185185185185
3 0.7588333333333332 0.9738222222222223 0.1515185185185185 0.05234814814814815
2 0.7420648148148148 0.8658370370370371 0.15476851851851853 0.11912592592592593