4 0.7115185185185186 0.3672074074074074 0.2352037037037037 0.1858074074074074
3 0.31745370370370374 0.30037037037037034 0.26579629629629625 0.22038518518518518
2 0.436 0.22358518518518516 0.1522314814814815 0.1203259259259259
2 0.6764814814814815 0.10212592592592593 0.5524166666666666 0.20335555555555554
3 0.43850925925925927 0.6925111111111111 0.1705925925925926 0.08
3 0.576287037037037 0.5682666666666667 0.2785648148148149 0.12037037037037036
1 0.7799537037037038 0.6458074074074074 0.1317222222222222 0.32353333333333323
2 0.6066666666666667 0.7214814814814815 0.09583333333333334 0.08438518518518524
3 0.6315555555555555 0.9728740740740741 0.13604629629629636 0.05425185185185169
3 0.2411666666666667 0.9738222222222223 0.1515185185185185 0.0523481481481482
2 0.2579351851851852 0.8658370370370371 0.1547685185185185 0.11912592592592605