1 0.19299074074074074 0.09922222222222221 0.1523888888888889 0.19844444444444442
3 0.4802222222222222 0.02146666666666667 0.28685185185185186 0.04293333333333334
3 0.3249722222222223 0.41818518518518516 0.17497222222222222 0.08113333333333334
3 0.7896944444444445 0.5255185185185186 0.22121296296296297 0.27214074074074074
2 0.6840925925925926 0.5441111111111111 0.06072222222222222 0.059162962962962966
2 0.7421759259259259 0.2947925925925926 0.15575 0.13184444444444446
3 0.5520555555555556 0.09111111111111111 0.1685185185185185 0.09634814814814814
2 0.2663981481481481 0.5684962962962963 0.17044444444444445 0.13945185185185185
4 0.5306481481481482 0.6276148148148148 0.2633888888888889 0.19018518518518518
3 0.8394444444444444 0.9619777777777778 0.11670370370370371 0.07605185185185186
2 0.7453703703703703 0.9694370370370371 0.08624074074074074 0.06113333333333333
2 0.7754537037037037 0.8825777777777778 0.12775 0.07731111111111111