3 0.4363265306122449 0.8754962962962963 0.09564935064935061 0.11548888888888878
3 0.8468460111317254 0.6233777777777777 0.11885899814471232 0.0636888888888889
3 0.6489053803339517 0.3662666666666667 0.14807050092764368 0.07353333333333333
3 0.6727643784786642 0.10424444444444446 0.1430519480519481 0.10797037037037037
2 0.388543599257885 0.8897333333333333 0.4250185528756958 0.22053333333333353
2 0.19139146567717996 0.6768814814814814 0.1632003710575139 0.1338222222222223
2 0.33235621521335806 0.5951037037037037 0.18342300556586272 0.1350074074074074
2 0.8144990723562152 0.1460666666666667 0.22666975881261586 0.19162222222222225
4 0.5896103896103896 0.36924444444444443 0.3621706864564008 0.3310074074074075
0 0.3616048237476809 0.30045185185185186 0.14004638218923937 0.1854888888888889
0 0.2987012987012987 0.01925925925925926 0.12987012987012986 0.03851851851851852