2 0.8315584415584415 0.20078518518518518 0.12293135435992578 0.16840000000000002
2 0.69639146567718 0.17407407407407408 0.09161410018552875 0.08925185185185186
2 0.5692857142857143 0.3851555555555556 0.09648423005565862 0.1622074074074074
2 0.33411873840445266 0.4697777777777778 0.10780148423005569 0.12299999999999997
2 0.553191094619666 0.9269555555555556 0.11681818181818188 0.0939333333333333
3 0.3383395176252319 0.6417259259259259 0.09393320964749535 0.07300740740740737
3 0.5362244897959183 0.6826444444444445 0.22193877551020408 0.1765037037037037
4 0.37603896103896106 0.7946518518518518 0.09165120593692018 0.06916296296296288
2 0.3794341372912801 0.7306962962962963 0.11198515769944344 0.06416296296296288
2 0.19553803339517623 0.8758222222222222 0.11203153988868272 0.12837777777777773
0 0.3065584415584416 0.9616148148148148 0.06284786641929499 0.07677037037037028