0 0.3376018518518519 0.7710666666666667 0.12300925925925928 0.12310370370370374
3 0.3968425925925926 0.8292814814814815 0.07958333333333338 0.12306666666666657
3 0.5815925925925925 0.7851555555555556 0.11588888888888896 0.128725925925926
3 0.5440555555555556 0.6490296296296296 0.08071296296296303 0.03680000000000005
3 0.15286111111111111 0.5265333333333334 0.07967592592592594 0.07155555555555548
2 0.665462962962963 0.8752666666666667 0.09356481481481477 0.05925185185185169
2 0.7452314814814816 0.8442814814814814 0.04896296296296306 0.08556296296296312
2 0.21971296296296294 0.9239925925925927 0.10076851851851851 0.05752592592592582
2 0.29361111111111116 0.9498074074074074 0.1546944444444444 0.09788148148148139
2 0.6203055555555556 0.927311111111111 0.08772222222222223 0.05464444444444443
2 0.7194259259259259 0.5833333333333334 0.06774074074074081 0.0649481481481482
3 0.62675 0.6152518518518518 0.09358333333333327 0.10060740740740735
3 0.4607685185185185 0.5561037037037037 0.1558148148148148 0.07811111111111115
3 0.842 0.5401407407407408 0.10172222222222213 0.1100444444444444
2 0.5681018518518518 0.34682962962962965 0.11706481481481487 0.06491851851851856
2 0.681888888888889 0.30645925925925926 0.08652777777777781 0.06494074074074072
3 0.4583611111111111 0.21177777777777784 0.11684259259259264 0.09454074074074073
2 0.5030740740740741 0.8687037037037038 0.05212962962962959 0.05317037037037052