0 0.6623981481481481 0.7710666666666667 0.12300925925925918 0.12310370370370374
3 0.6031574074074075 0.8292814814814815 0.07958333333333338 0.12306666666666657
3 0.4184074074074074 0.7851555555555556 0.11588888888888892 0.128725925925926
3 0.45594444444444443 0.6490296296296296 0.08071296296296297 0.03680000000000005
3 0.8471388888888889 0.5265333333333334 0.07967592592592589 0.07155555555555548
2 0.334537037037037 0.8752666666666667 0.09356481481481477 0.05925185185185169
2 0.2547685185185185 0.8442814814814814 0.04896296296296296 0.08556296296296312
2 0.7802870370370371 0.9239925925925927 0.10076851851851845 0.05752592592592582
2 0.7063888888888888 0.9498074074074074 0.15469444444444438 0.09788148148148139
2 0.3796944444444445 0.927311111111111 0.08772222222222223 0.05464444444444443
2 0.28057407407407403 0.5833333333333334 0.06774074074074071 0.0649481481481482
3 0.37325 0.6152518518518518 0.09358333333333327 0.10060740740740735
3 0.5392314814814815 0.5561037037037037 0.1558148148148148 0.07811111111111115
3 0.15799999999999997 0.5401407407407408 0.10172222222222224 0.1100444444444444
2 0.4318981481481482 0.34682962962962965 0.11706481481481487 0.06491851851851856
2 0.31811111111111107 0.30645925925925926 0.08652777777777781 0.06494074074074072
3 0.5416388888888889 0.21177777777777784 0.11684259259259264 0.09454074074074073
2 0.4969259259259259 0.8687037037037038 0.05212962962962959 0.05317037037037052