2 0.8315584415584415 0.7992148148148148 0.12293135435992578 0.16840000000000002
2 0.69639146567718 0.825925925925926 0.09161410018552875 0.0892518518518517
2 0.5692857142857143 0.6148444444444444 0.09648423005565862 0.1622074074074074
2 0.33411873840445266 0.5302222222222222 0.10780148423005569 0.12299999999999997
2 0.553191094619666 0.07304444444444437 0.11681818181818188 0.09393333333333334
3 0.3383395176252319 0.358274074074074 0.09393320964749535 0.07300740740740737
3 0.5362244897959183 0.3173555555555555 0.22193877551020408 0.1765037037037037
4 0.37603896103896106 0.20534814814814817 0.09165120593692018 0.06916296296296297
2 0.3794341372912801 0.26930370370370366 0.11198515769944344 0.06416296296296296
2 0.19553803339517623 0.12417777777777785 0.11203153988868272 0.12837777777777779
0 0.30612244897959184 0.038148148148148146 0.06307977736549165 0.07629629629629629