3 0.5882870370370371 0.23668148148148146 0.08809259259259268 0.09257777777777779
3 0.4068425925925926 0.20963703703703704 0.11962962962962967 0.11876296296296299
3 0.44934259259259257 0.07535555555555556 0.07823148148148149 0.038548148148148144
2 0.2548240740740741 0.2510814814814815 0.05310185185185187 0.0637851851851852
2 0.3338333333333333 0.2850962962962963 0.0956296296296296 0.063762962962963
2 0.3741481481481482 0.3369925925925926 0.08474999999999998 0.04890370370370369
2 0.6874537037037037 0.36486666666666673 0.1426111111111111 0.11174074074074071
2 0.7604629629629629 0.3325777777777778 0.10340740740740746 0.05425185185185186
2 0.4755 0.5845851851851852 0.12183333333333332 0.08037037037037037
2 0.2749814814814815 0.02258518518518519 0.06509259259259255 0.04294074074074074
0 0.6400462962962963 0.16512592592592598 0.1284351851851852 0.11535555555555557